# Radius (kpc)  Keplerian velocity (km/s)
0.000000e+00 0.000000e+00
5.000000e-02 9.531011e-25
1.000000e-01 6.739443e-25
1.500000e-01 5.502732e-25
2.000000e-01 4.765506e-25
2.500000e-01 4.262398e-25
3.000000e-01 3.891019e-25
3.500000e-01 3.602384e-25
4.000000e-01 3.369721e-25
4.500000e-01 3.177004e-25
5.000000e-01 3.013970e-25
5.500000e-01 2.873708e-25
6.000000e-01 2.751366e-25
6.500000e-01 2.643427e-25
7.000000e-01 2.547270e-25
7.500000e-01 2.460896e-25
8.000000e-01 2.382753e-25
8.500000e-01 2.311610e-25
9.000000e-01 2.246481e-25
9.500000e-01 2.186564e-25
1.000000e+00 2.131199e-25
1.050000e+00 2.079837e-25
1.100000e+00 2.032018e-25
1.150000e+00 1.987353e-25
1.200000e+00 1.945509e-25
1.250000e+00 1.906202e-25
1.300000e+00 1.869185e-25
1.350000e+00 1.834244e-25
1.400000e+00 1.801192e-25
1.450000e+00 1.769864e-25
1.500000e+00 1.740117e-25
1.550000e+00 1.711820e-25
1.600000e+00 1.684861e-25
1.650000e+00 1.659136e-25
1.700000e+00 1.634555e-25
1.750000e+00 1.611035e-25
1.800000e+00 1.588502e-25
1.850000e+00 1.566889e-25
1.900000e+00 1.546134e-25
1.950000e+00 1.526183e-25
2.000000e+00 1.506985e-25
2.050000e+00 1.488494e-25
2.100000e+00 1.470667e-25
2.150000e+00 1.453466e-25
2.200000e+00 1.436854e-25
2.250000e+00 1.420799e-25
2.300000e+00 1.405271e-25
2.350000e+00 1.390241e-25
2.400000e+00 1.375683e-25
2.450000e+00 1.361573e-25
2.500000e+00 1.347889e-25
2.550000e+00 1.334609e-25
2.600000e+00 1.321713e-25
2.650000e+00 1.309185e-25
2.700000e+00 1.297006e-25
2.750000e+00 1.285161e-25
2.800000e+00 1.273635e-25
2.850000e+00 1.262413e-25
2.900000e+00 1.251483e-25
2.950000e+00 1.240832e-25
3.000000e+00 1.230448e-25
3.050000e+00 1.220321e-25
3.100000e+00 1.210440e-25
3.150000e+00 1.200795e-25
3.200000e+00 1.191376e-25
3.250000e+00 1.182176e-25
3.300000e+00 1.173186e-25
3.350000e+00 1.164398e-25
3.400000e+00 1.155805e-25
3.450000e+00 1.147399e-25
3.500000e+00 1.139174e-25
3.550000e+00 1.131123e-25
3.600000e+00 1.123240e-25
3.650000e+00 1.115520e-25
3.700000e+00 1.107958e-25
3.750000e+00 1.100546e-25
3.800000e+00 1.093282e-25
3.850000e+00 1.086160e-25
3.900000e+00 1.079174e-25
3.950000e+00 1.072323e-25
4.000000e+00 1.065599e-25
4.050000e+00 1.059001e-25
4.100000e+00 1.052524e-25
4.150000e+00 1.046164e-25
4.200000e+00 1.039919e-25
4.250000e+00 1.033783e-25
4.300000e+00 1.027755e-25
4.350000e+00 1.021832e-25
4.400000e+00 1.016009e-25
4.450000e+00 1.010285e-25
4.500000e+00 1.004657e-25
4.550000e+00 9.991214e-26
4.600000e+00 9.936766e-26
4.650000e+00 9.883198e-26
4.700000e+00 9.830487e-26
4.750000e+00 9.778611e-26
4.800000e+00 9.727547e-26
4.850000e+00 9.677276e-26
4.900000e+00 9.627775e-26
4.950000e+00 9.579027e-26
5.000000e+00 9.531011e-26
5.050000e+00 9.483710e-26
5.100000e+00 9.437107e-26
5.150000e+00 9.391184e-26
5.200000e+00 9.345925e-26
5.250000e+00 9.301314e-26
5.300000e+00 9.257336e-26
5.350000e+00 9.213976e-26
5.400000e+00 9.171220e-26
5.450000e+00 9.129053e-26
5.500000e+00 9.087463e-26
5.550000e+00 9.046435e-26
5.600000e+00 9.005959e-26
5.650000e+00 8.966021e-26
5.700000e+00 8.926610e-26
5.750000e+00 8.887714e-26
5.800000e+00 8.849322e-26
5.850000e+00 8.811423e-26
5.900000e+00 8.774007e-26
5.950000e+00 8.737064e-26
6.000000e+00 8.700583e-26
6.050000e+00 8.664556e-26
6.100000e+00 8.628972e-26
6.150000e+00 8.593823e-26
6.200000e+00 8.559101e-26
6.250000e+00 8.524795e-26
6.300000e+00 8.490900e-26
6.350000e+00 8.457405e-26
6.400000e+00 8.424303e-26
6.450000e+00 8.391587e-26
6.500000e+00 8.359250e-26
6.550000e+00 8.327283e-26
6.600000e+00 8.295680e-26
6.650000e+00 8.264435e-26
6.700000e+00 8.233540e-26
6.750000e+00 8.202988e-26
6.800000e+00 8.172775e-26
6.850000e+00 8.142892e-26
6.900000e+00 8.113335e-26
6.950000e+00 8.084098e-26
7.000000e+00 8.055175e-26
7.050000e+00 8.026559e-26
7.100000e+00 7.998247e-26
7.150000e+00 7.970232e-26
7.200000e+00 7.942509e-26
7.250000e+00 7.915074e-26
7.300000e+00 7.887921e-26
7.350000e+00 7.861045e-26
7.400000e+00 7.834443e-26
7.450000e+00 7.808109e-26
7.500000e+00 7.782038e-26
7.550000e+00 7.756227e-26
7.600000e+00 7.730671e-26
7.650000e+00 7.705366e-26
7.700000e+00 7.680308e-26
7.750000e+00 7.655492e-26
7.800000e+00 7.630916e-26
7.850000e+00 7.606575e-26
7.900000e+00 7.582465e-26
7.950000e+00 7.558583e-26
8.000000e+00 7.534926e-26
8.050000e+00 7.511489e-26
8.100000e+00 7.488270e-26
8.150000e+00 7.465264e-26
8.200000e+00 7.442469e-26
8.250000e+00 7.419882e-26
8.300000e+00 7.397499e-26
8.350000e+00 7.375318e-26
8.400000e+00 7.353335e-26
8.450000e+00 7.331547e-26
8.500000e+00 7.309952e-26
8.550000e+00 7.288546e-26
8.600000e+00 7.267328e-26
8.650000e+00 7.246294e-26
8.700000e+00 7.225441e-26
8.750000e+00 7.204767e-26
8.800000e+00 7.184270e-26
8.850000e+00 7.163947e-26
8.900000e+00 7.143795e-26
8.950000e+00 7.123812e-26
9.000000e+00 7.103996e-26
9.050000e+00 7.084345e-26
9.100000e+00 7.064855e-26
9.150000e+00 7.045526e-26
9.200000e+00 7.026355e-26
9.250000e+00 7.007339e-26
9.300000e+00 6.988476e-26
9.350000e+00 6.969766e-26
9.400000e+00 6.951204e-26
9.450000e+00 6.932790e-26
9.500000e+00 6.914522e-26
9.550000e+00 6.896398e-26
9.600000e+00 6.878415e-26
9.650000e+00 6.860572e-26
9.700000e+00 6.842867e-26
9.750000e+00 6.825299e-26
9.800000e+00 6.807865e-26
9.850000e+00 6.790564e-26
9.900000e+00 6.773395e-26
9.950000e+00 6.756355e-26
1.000000e+01 6.739443e-26
1.005000e+01 6.722657e-26
1.010000e+01 6.705996e-26
1.015000e+01 6.689458e-26
1.020000e+01 6.673043e-26
1.025000e+01 6.656747e-26
1.030000e+01 6.640570e-26
1.035000e+01 6.624511e-26
1.040000e+01 6.608567e-26
1.045000e+01 6.592738e-26
1.050000e+01 6.577022e-26
1.055000e+01 6.561419e-26
1.060000e+01 6.545925e-26
1.065000e+01 6.530541e-26
1.070000e+01 6.515265e-26
1.075000e+01 6.500096e-26
1.080000e+01 6.485032e-26
1.085000e+01 6.470072e-26
1.090000e+01 6.455215e-26
1.095000e+01 6.440460e-26
1.100000e+01 6.425806e-26
1.105000e+01 6.411252e-26
1.110000e+01 6.396796e-26
1.115000e+01 6.382437e-26
1.120000e+01 6.368175e-26
1.125000e+01 6.354007e-26
1.130000e+01 6.339934e-26
1.135000e+01 6.325954e-26
1.140000e+01 6.312066e-26
1.145000e+01 6.298269e-26
1.150000e+01 6.284563e-26
1.155000e+01 6.270945e-26
1.160000e+01 6.257415e-26
1.165000e+01 6.243973e-26
1.170000e+01 6.230617e-26
1.175000e+01 6.217346e-26
1.180000e+01 6.204160e-26
1.185000e+01 6.191057e-26
1.190000e+01 6.178037e-26
1.195000e+01 6.165099e-26
1.200000e+01 6.152241e-26
1.205000e+01 6.139464e-26
1.210000e+01 6.126766e-26
1.215000e+01 6.114146e-26
1.220000e+01 6.101605e-26
1.225000e+01 6.089140e-26
1.230000e+01 6.076751e-26
1.235000e+01 6.064437e-26
1.240000e+01 6.052198e-26
1.245000e+01 6.040033e-26
1.250000e+01 6.027941e-26
1.255000e+01 6.015921e-26
1.260000e+01 6.003973e-26
1.265000e+01 5.992095e-26
1.270000e+01 5.980288e-26
1.275000e+01 5.968551e-26
1.280000e+01 5.956882e-26
1.285000e+01 5.945281e-26
1.290000e+01 5.933748e-26
1.295000e+01 5.922282e-26
1.300000e+01 5.910882e-26
1.305000e+01 5.899548e-26
1.310000e+01 5.888278e-26
1.315000e+01 5.877073e-26
1.320000e+01 5.865932e-26
1.325000e+01 5.854854e-26
1.330000e+01 5.843838e-26
1.335000e+01 5.832884e-26
1.340000e+01 5.821992e-26
1.345000e+01 5.811160e-26
1.350000e+01 5.800389e-26
1.355000e+01 5.789677e-26
1.360000e+01 5.779024e-26
1.365000e+01 5.768430e-26
1.370000e+01 5.757894e-26
1.375000e+01 5.747416e-26
1.380000e+01 5.736995e-26
1.385000e+01 5.726630e-26
1.390000e+01 5.716321e-26
1.395000e+01 5.706067e-26
1.400000e+01 5.695869e-26
1.405000e+01 5.685725e-26
1.410000e+01 5.675635e-26
1.415000e+01 5.665598e-26
1.420000e+01 5.655615e-26
1.425000e+01 5.645684e-26
1.430000e+01 5.635805e-26
1.435000e+01 5.625978e-26
1.440000e+01 5.616202e-26
1.445000e+01 5.606477e-26
1.450000e+01 5.596802e-26
1.455000e+01 5.587178e-26
1.460000e+01 5.577602e-26
1.465000e+01 5.568076e-26
1.470000e+01 5.558599e-26
1.475000e+01 5.549169e-26
1.480000e+01 5.539788e-26
1.485000e+01 5.530454e-26
1.490000e+01 5.521166e-26
1.495000e+01 5.511926e-26
1.500000e+01 5.502732e-26
1.505000e+01 5.493583e-26
1.510000e+01 5.484481e-26
1.515000e+01 5.475423e-26
1.520000e+01 5.466410e-26
1.525000e+01 5.457441e-26
1.530000e+01 5.448516e-26
1.535000e+01 5.439635e-26
1.540000e+01 5.430798e-26
1.545000e+01 5.422003e-26
1.550000e+01 5.413251e-26
1.555000e+01 5.404541e-26
1.560000e+01 5.395872e-26
1.565000e+01 5.387246e-26
1.570000e+01 5.378661e-26
1.575000e+01 5.370116e-26
1.580000e+01 5.361613e-26
1.585000e+01 5.353149e-26
1.590000e+01 5.344726e-26
1.595000e+01 5.336342e-26
1.600000e+01 5.327997e-26
1.605000e+01 5.319692e-26
1.610000e+01 5.311425e-26
1.615000e+01 5.303196e-26
1.620000e+01 5.295006e-26
1.625000e+01 5.286854e-26
1.630000e+01 5.278739e-26
1.635000e+01 5.270661e-26
1.640000e+01 5.262620e-26
1.645000e+01 5.254617e-26
1.650000e+01 5.246649e-26
1.655000e+01 5.238717e-26
1.660000e+01 5.230822e-26
1.665000e+01 5.222962e-26
1.670000e+01 5.215137e-26
1.675000e+01 5.207348e-26
1.680000e+01 5.199593e-26
1.685000e+01 5.191873e-26
1.690000e+01 5.184187e-26
1.695000e+01 5.176535e-26
1.700000e+01 5.168916e-26
